Run1: 1.42319 e20  --> 1.42319 e20 + 0.008898 e20 (0.625%)
Run2: 2.5413 e20 --> 2.5413 e20 + 0.0547 e20 (2.15%)
Run3: 2.40466 e20 --> 2.40466 e20 + 0.084 e20 (3.49%)
---
Run1+2+3: 6.36915 e+20 --> 6.516748 E20 (2.3%)